-1.688000000000000047e-03,1.088529060571536711e+01
-1.686228828828828822e-03,1.088496834338876518e+01
-1.684457657657657597e-03,1.088463767219647949e+01
-1.682686486486486589e-03,1.088429855668470303e+01
-1.680915315315315364e-03,1.088395096098449599e+01
-1.679144144144144139e-03,1.088359484881176442e+01
-1.677372972972972914e-03,1.088323018346727977e+01
-1.675601801801801906e-03,1.088285692783666647e+01
-1.673830630630630681e-03,1.088247504439040902e+01
-1.672059459459459456e-03,1.088208449518384668e+01
-1.670288288288288231e-03,1.088168524185717345e+01
-1.668517117117117223e-03,1.088127724563545229e+01
-1.666745945945945998e-03,1.088086046732858669e+01
-1.664974774774774773e-03,1.088043486733134557e+01
-1.663203603603603548e-03,1.088000040562336679e+01
-1.661432432432432540e-03,1.087955704176911986e+01
-1.659661261261261315e-03,1.087910473491795571e+01
-1.657890090090090090e-03,1.087864344380406934e+01
-1.656118918918918865e-03,1.087817312674652115e+01
-1.654347747747747857e-03,1.087769374164922098e+01
-1.652576576576576632e-03,1.087720524600093164e+01
-1.650805405405405407e-03,1.087670759687529021e+01
-1.649034234234234182e-03,1.087620075093077965e+01
-1.647263063063063174e-03,1.087568466441073944e+01
-1.645491891891891949e-03,1.087515929314337448e+01
-1.643720720720720724e-03,1.087462459254173552e+01
-1.641949549549549499e-03,1.087408051760373695e+01
-1.640178378378378491e-03,1.087352702291215678e+01
-1.638407207207207266e-03,1.087296406263461712e+01
-1.636636036036036041e-03,1.087239159052360193e+01
-1.634864864864864816e-03,1.087180955991645881e+01
-1.633093693693693808e-03,1.087121792373538653e+01
-1.631322522522522583e-03,1.087061663448744220e+01
-1.629551351351351358e-03,1.087000564426454119e+01
-1.627780180180180133e-03,1.086938490474346075e+01
-1.626009009009009125e-03,1.086875436718581867e+01
-1.624237837837837900e-03,1.086811398243811055e+01
-1.622466666666666675e-03,1.086746370093167968e+01
-1.620695495495495450e-03,1.086680347268272406e+01
-1.618924324324324442e-03,1.086613324729230179e+01
-1.617153153153153217e-03,1.086545297394633458e+01
-1.615381981981981992e-03,1.086476260141559358e+01
-1.613610810810810767e-03,1.086406207805570290e+01
-1.611839639639639759e-03,1.086335135180715561e+01
-1.610068468468468534e-03,1.086263037019529953e+01
-1.608297297297297309e-03,1.086189908033032481e+01
-1.606526126126126084e-03,1.086115742890731006e+01
-1.604754954954955076e-03,1.086040536220615138e+01
-1.602983783783783851e-03,1.085964282609163689e+01
-1.601212612612612626e-03,1.085886976601339349e+01
-1.599441441441441401e-03,1.085808612700590814e+01
-1.597670270270270393e-03,1.085729185368852789e+01
-1.595899099099099168e-03,1.085648689026545810e+01
-1.594127927927927943e-03,1.085567118052575708e+01
-1.592356756756756718e-03,1.085484466784334501e+01
-1.590585585585585710e-03,1.085400729517698970e+01
-1.588814414414414485e-03,1.085315900507032971e+01
-1.587043243243243260e-03,1.085229973965185124e+01
-1.585272072072072035e-03,1.085142944063490766e+01
-1.583500900900901027e-03,1.085054804931769645e+01
-1.581729729729729802e-03,1.084965550658328048e+01
-1.579958558558558577e-03,1.084875175289958094e+01
-1.578187387387387352e-03,1.084783672831936663e+01
-1.576416216216216344e-03,1.084691037248028245e+01
-1.574645045045045119e-03,1.084597262460480849e+01
-1.572873873873873894e-03,1.084502342350029380e+01
-1.571102702702702669e-03,1.084406270755894575e+01
-1.569331531531531661e-03,1.084309041475782820e+01
-1.567560360360360436e-03,1.084210648265885801e+01
-1.565789189189189211e-03,1.084111084840881212e+01
-1.564018018018017986e-03,1.084010344873933107e+01
-1.562246846846846978e-03,1.083908421996689420e+01
-1.560475675675675753e-03,1.083805309799285688e+01
-1.558704504504504528e-03,1.083701001830342747e+01
-1.556933333333333303e-03,1.083595491596966376e+01
-1.555162162162162295e-03,1.083488772564749247e+01
-1.553390990990991070e-03,1.083380838157768622e+01
-1.551619819819819845e-03,1.083271681758588123e+01
-1.549848648648648620e-03,1.083161296708257026e+01
-1.548077477477477612e-03,1.083049676306310261e+01
-1.546306306306306387e-03,1.082936813810768228e+01
-1.544535135135135162e-03,1.082822702438138229e+01
-1.542763963963963937e-03,1.082707335363411438e+01
-1.540992792792792929e-03,1.082590705720066282e+01
-1.539221621621621704e-03,1.082472806600066129e+01
-1.537450450450450479e-03,1.082353631053860354e+01
-1.535679279279279254e-03,1.082233172090384166e+01
-1.533908108108108246e-03,1.082111422677058066e+01
-1.532136936936937021e-03,1.081988375739788388e+01
-1.530365765765765796e-03,1.081864024162968008e+01
-1.528594594594594571e-03,1.081738360789474740e+01
-1.526823423423423563e-03,1.081611378420672054e+01
-1.525052252252252338e-03,1.081483069816408893e+01
-1.523281081081081113e-03,1.081353427695021452e+01
-1.521509909909909888e-03,1.081222444733329624e+01
-1.519738738738738880e-03,1.081090113566640909e+01
-1.517967567567567655e-03,1.080956426788746860e+01
-1.516196396396396430e-03,1.080821376951925750e+01
-1.514425225225225205e-03,1.080684956566942034e+01
-1.512654054054054197e-03,1.080547158103044225e+01
-1.510882882882882972e-03,1.080407973987967729e+01
-1.509111711711711747e-03,1.080267396607933961e+01
-1.507340540540540522e-03,1.080125418307649809e+01
-1.505569369369369297e-03,1.079982031390306751e+01
-1.503798198198198289e-03,1.079837228117584047e+01
-1.502027027027027064e-03,1.079691000709645010e+01
-1.500255855855855839e-03,1.079543341345138785e+01
-1.498484684684684830e-03,1.079394242161201589e+01
-1.496713513513513606e-03,1.079243695253453872e+01
-1.494942342342342381e-03,1.079091692676002445e+01
-1.493171171171171156e-03,1.078938226441440484e+01
-1.491399999999999931e-03,1.078783288520845574e+01
-1.489628828828828922e-03,1.078626870843781838e+01
-1.487857657657657698e-03,1.078468965298298698e+01
-1.486086486486486473e-03,1.078309563730932119e+01
-1.484315315315315464e-03,1.078148657946703182e+01
-1.482544144144144239e-03,1.077986239709118088e+01
-1.480772972972973014e-03,1.077822300740170647e+01
-1.479001801801801790e-03,1.077656832720338009e+01
-1.477230630630630565e-03,1.077489827288584756e+01
-1.475459459459459556e-03,1.077321276042359521e+01
-1.473688288288288331e-03,1.077151170523642776e+01
-1.471917117117117106e-03,1.076979502109526621e+01
-1.470145945945946098e-03,1.076806261927992736e+01
-1.468374774774774873e-03,1.076631440852589883e+01
-1.466603603603603648e-03,1.076455029502435146e+01
-1.464832432432432423e-03,1.076277018242215711e+01
-1.463061261261261198e-03,1.076097397182184601e+01
-1.461290090090090190e-03,1.075916156178165473e+01
-1.459518918918918965e-03,1.075733284831548353e+01
-1.457747747747747740e-03,1.075548772489293192e+01
-1.455976576576576732e-03,1.075362608243927909e+01
-1.454205405405405507e-03,1.075174780933547858e+01
-1.452434234234234282e-03,1.074985279141817962e+01
-1.450663063063063057e-03,1.074794091197971113e+01
-1.448891891891891832e-03,1.074601205176808350e+01
-1.447120720720720824e-03,1.074406608898699211e+01
-1.445349549549549599e-03,1.074210289929581386e+01
-1.443578378378378374e-03,1.074012235580961061e+01
-1.441807207207207366e-03,1.073812432909913461e+01
-1.440036036036036141e-03,1.073610868719080713e+01
-1.438264864864864916e-03,1.073407529556675044e+01
-1.436493693693693691e-03,1.073202401716475052e+01
-1.434722522522522466e-03,1.072995471237829967e+01
-1.432951351351351458e-03,1.072786723905655393e+01
-1.431180180180180233e-03,1.072576145250436142e+01
-1.429409009009009008e-03,1.072363720548226063e+01
-1.427637837837838000e-03,1.072149434820645375e+01
-1.425866666666666775e-03,1.071933272834885287e+01
-1.424095495495495550e-03,1.071715219103702488e+01
-1.422324324324324325e-03,1.071495257885424834e+01
-1.420553153153153100e-03,1.071273373183946909e+01
-1.418781981981982092e-03,1.071049548748732150e+01
-1.417010810810810867e-03,1.070823768074811611e+01
-1.415239639639639642e-03,1.070596014402785734e+01
-1.413468468468468634e-03,1.070366270718822577e+01
-1.411697297297297409e-03,1.070134519754659230e+01
-1.409926126126126184e-03,1.069900743987600933e+01
-1.408154954954954959e-03,1.069664925640520714e+01
-1.406383783783783734e-03,1.069427046681860283e+01
-1.404612612612612726e-03,1.069187088825630028e+01
-1.402841441441441501e-03,1.068945033531408662e+01
-1.401070270270270276e-03,1.068700862004343044e+01
-1.399299099099099268e-03,1.068454555195148181e+01
-1.397527927927928043e-03,1.068206093800107226e+01
-1.395756756756756818e-03,1.067955458261073254e+01
-1.393985585585585593e-03,1.067702628765465889e+01
-1.392214414414414368e-03,1.067447585246273967e+01
-1.390443243243243360e-03,1.067190307382054648e+01
-1.388672072072072135e-03,1.066930774596933240e+01
-1.386900900900900910e-03,1.066668966060603374e+01
-1.385129729729729902e-03,1.066404860688327005e+01
-1.383358558558558677e-03,1.066138437140935480e+01
-1.381587387387387452e-03,1.065869673824826691e+01
-1.379816216216216227e-03,1.065598548891968278e+01
-1.378045045045045002e-03,1.065325040239896026e+01
-1.376273873873873994e-03,1.065049125511713513e+01
-1.374502702702702769e-03,1.064770782096092816e+01
-1.372731531531531544e-03,1.064489987127275405e+01
-1.370960360360360536e-03,1.064206717485069476e+01
-1.369189189189189311e-03,1.063920949794852788e+01
-1.367418018018018086e-03,1.063632660427570897e+01
-1.365646846846846861e-03,1.063341825499738391e+01
-1.363875675675675636e-03,1.063048420873437117e+01
-1.362104504504504628e-03,1.062752422156318310e+01
-1.360333333333333403e-03,1.062453804701600468e+01
-1.358562162162162178e-03,1.062152543608072186e+01
-1.356790990990991170e-03,1.061848613720088252e+01
-1.355019819819819945e-03,1.061541989627573557e+01
-1.353248648648648720e-03,1.061232645666020780e+01
-1.351477477477477495e-03,1.060920555916490393e+01
-1.349706306306306270e-03,1.060605694205612259e+01
-1.347935135135135045e-03,1.060288034105583677e+01
-1.346163963963964037e-03,1.059967548934170978e+01
-1.344392792792792812e-03,1.059644211754708820e+01
-1.342621621621621587e-03,1.059317995376099475e+01
-1.340850450450450579e-03,1.058988872352814070e+01
-1.339079279279279354e-03,1.058656814984892058e+01
-1.337308108108108129e-03,1.058321795317941749e+01
-1.335536936936936904e-03,1.057983785143139244e+01
-1.333765765765765679e-03,1.057642755997228967e+01
-1.331994594594594671e-03,1.057298679162523669e+01
-1.330223423423423446e-03,1.056951525666905312e+01
-1.328452252252252221e-03,1.056601266283822582e+01
-1.326681081081081213e-03,1.056247871532294447e+01
-1.324909909909909988e-03,1.055891311676906419e+01
-1.323138738738738763e-03,1.055531556727813758e+01
-1.321367567567567538e-03,1.055168576440739692e+01
-1.319596396396396313e-03,1.054802340316975418e+01
-1.317825225225225305e-03,1.054432817603380634e+01
-1.316054054054054080e-03,1.054059977292383543e+01
-1.314282882882882855e-03,1.053683788121981024e+01
-1.312511711711711847e-03,1.053304218575737927e+01
-1.310740540540540622e-03,1.052921236882787248e+01
-1.308969369369369397e-03,1.052534811017830485e+01
-1.307198198198198172e-03,1.052144908701138171e+01
-1.305427027027026947e-03,1.051751497398548096e+01
-1.303655855855855939e-03,1.051354544321466911e+01
-1.301884684684684714e-03,1.050954016426870652e+01
-1.300113513513513489e-03,1.050549880417301729e+01
-1.298342342342342481e-03,1.050142102740872119e+01
-1.296571171171171256e-03,1.049730649591262299e+01
-1.294800000000000031e-03,1.049315486907720185e+01
-1.293028828828828806e-03,1.048896580375063081e+01
-1.291257657657657581e-03,1.048473895423676261e+01
-1.289486486486486573e-03,1.048047397229513145e+01
-1.287715315315315348e-03,1.047617050714095477e+01
-1.285944144144144123e-03,1.047182820544513859e+01
-1.284172972972973115e-03,1.046744671133427396e+01
-1.282401801801801890e-03,1.046302566639061915e+01
-1.280630630630630665e-03,1.045856470965213525e+01
-1.278859459459459440e-03,1.045406347761246479e+01
-1.277088288288288215e-03,1.044952160422091936e+01
-1.275317117117117207e-03,1.044493872088250441e+01
-1.273545945945945982e-03,1.044031445645791401e+01
-1.271774774774774757e-03,1.043564843726352009e+01
-1.270003603603603749e-03,1.043094028707136900e+01
-1.268232432432432524e-03,1.042618962710920982e+01
-1.266461261261261299e-03,1.042139607606045892e+01
-1.264690090090090074e-03,1.041655925006422478e+01
-1.262918918918918849e-03,1.041167876271510728e+01
-1.261147747747747841e-03,1.040675422492536839e+01
-1.259376576576576616e-03,1.040178524413899730e+01
-1.257605405405405391e-03,1.039677142386636355e+01
-1.255834234234234383e-03,1.039171236366461315e+01
-1.254063063063063158e-03,1.038660765913768635e+01
-1.252291891891891933e-03,1.038145690193631410e+01
-1.250520720720720708e-03,1.037625967975800911e+01
-1.248749549549549483e-03,1.037101557634708016e+01
-1.246978378378378475e-03,1.036572417149461600e+01
-1.245207207207207250e-03,1.036038504103850322e+01
-1.243436036036036025e-03,1.035499775686340840e+01
-1.241664864864865016e-03,1.034956188690079060e+01
-1.239893693693693792e-03,1.034407699512889423e+01
-1.238122522522522567e-03,1.033854264157275793e+01
-1.236351351351351342e-03,1.033295838230420571e+01
-1.234580180180180117e-03,1.032732376944184338e+01
-1.232809009009009108e-03,1.032163835115107631e+01
-1.231037837837837884e-03,1.031590167164409522e+01
-1.229266666666666659e-03,1.031011327117987264e+01
-1.227495495495495650e-03,1.030427268606417712e+01
-1.225724324324324425e-03,1.029837944864955368e+01
-1.223953153153153200e-03,1.029243308733535578e+01
-1.222181981981981976e-03,1.028643312656770625e+01
-1.220410810810810751e-03,1.028037908683952928e+01
-1.218639639639639742e-03,1.027427048469052551e+01
-1.216868468468468517e-03,1.026810683270719871e+01
-1.215097297297297292e-03,1.026188763952282734e+01
-1.213326126126126284e-03,1.025561240981748412e+01
-1.211554954954955059e-03,1.024928064431803065e+01
-1.209783783783783834e-03,1.024289183979811746e+01
-1.208012612612612609e-03,1.023644548907817864e+01
-1.206241441441441384e-03,1.022994108102544253e+01
-1.204470270270270376e-03,1.022337810055392104e+01
-1.202699099099099151e-03,1.021675602862442034e+01
-1.200927927927927926e-03,1.021007434224452837e+01
-1.199156756756756918e-03,1.020333251446862199e+01
-1.197385585585585693e-03,1.019653001439787587e+01
-1.195614414414414468e-03,1.018966630718023936e+01
-1.193843243243243243e-03,1.018274085401046136e+01
-1.192072072072072018e-03,1.017575311213007438e+01
-1.190300900900900793e-03,1.016870253482739450e+01
-1.188529729729729785e-03,1.016158857143753913e+01
-1.186758558558558560e-03,1.015441066734239683e+01
-1.184987387387387552e-03,1.014716826397066285e+01
-1.183216216216216327e-03,1.013986079879780888e+01
-1.181445045045045102e-03,1.013248770534609733e+01
-1.179673873873873877e-03,1.012504841318457238e+01
-1.177902702702702652e-03,1.011754234792908491e+01
-1.176131531531531427e-03,1.010996893124226048e+01
-1.174360360360360419e-03,1.010232758083351712e+01
-1.172589189189189194e-03,1.009461771045905287e+01
-1.170818018018018186e-03,1.008683872992186359e+01
-1.169046846846846961e-03,1.007899004507173402e+01
-1.167275675675675736e-03,1.007107105780523071e+01
-1.165504504504504511e-03,1.006308116606571268e+01
-1.163733333333333286e-03,1.005501976384333140e+01
-1.161962162162162061e-03,1.004688624117501661e+01
-1.160190990990991053e-03,1.003867998414449048e+01
-1.158419819819819828e-03,1.003040037488227298e+01
-1.156648648648648820e-03,1.002204679156565703e+01
-1.154877477477477595e-03,1.001361860841872975e+01
-1.153106306306306370e-03,1.000511519571237784e+01
-1.151335135135135145e-03,9.996535919764255596e+00
-1.149563963963963920e-03,9.987880142938823980e+00
-1.147792792792792695e-03,9.979147223647323983e+00
-1.146021621621621687e-03,9.970336516347783729e+00
-1.144250450450450462e-03,9.961447371545027352e+00
-1.142479279279279454e-03,9.952479135790655462e+00
-1.140708108108108229e-03,9.943431151683066460e+00
-1.138936936936937004e-03,9.934302757867442324e+00
-1.137165765765765779e-03,9.925093289035757493e+00
-1.135394594594594554e-03,9.915802075926775316e+00
-1.133623423423423329e-03,9.906428445326042720e+00
-1.131852252252252321e-03,9.896971720065895539e+00
-1.130081081081081096e-03,9.887431219025458518e+00
-1.128309909909910088e-03,9.877806257130652412e+00
-1.126538738738738863e-03,9.868096145354170901e+00
-1.124767567567567638e-03,9.858300190715514333e+00
-1.122996396396396413e-03,9.848417696280955980e+00
-1.121225225225225188e-03,9.838447961163563349e+00
-1.119454054054053963e-03,9.828390280523192857e+00
-1.117682882882882955e-03,9.818243945566493380e+00
-1.115911711711711730e-03,9.808008243546895599e+00
-1.114140540540540722e-03,9.797682457764619102e+00
-1.112369369369369497e-03,9.787265867566674160e+00
-1.110598198198198272e-03,9.776757748346854626e+00
-1.108827027027027047e-03,9.766157371545757471e+00
-1.107055855855855822e-03,9.755464004650745480e+00
-1.105284684684684597e-03,9.744676911195991664e+00
-1.103513513513513589e-03,9.733795350762441956e+00
-1.101742342342342364e-03,9.722818578977836523e+00
-1.099971171171171356e-03,9.711745847516704444e+00
-1.098200000000000131e-03,9.700576404100360151e+00
-1.096428828828828906e-03,9.689309492496914089e+00
-1.094657657657657681e-03,9.677944352521254956e+00
-1.092886486486486456e-03,9.666480220035063908e+00
-1.091115315315315231e-03,9.654916326946814564e+00
-1.089344144144144223e-03,9.643251901211767674e+00
-1.087572972972972998e-03,9.631486166831958684e+00
-1.085801801801801990e-03,9.619618343856235043e+00
-1.084030630630630765e-03,9.607647648380215344e+00
-1.082259459459459540e-03,9.595573292546310640e+00
-1.080488288288288315e-03,9.583394484543720893e+00
-1.078717117117117090e-03,9.571110428608436749e+00
-1.076945945945945865e-03,9.558720325023235986e+00
-1.075174774774774857e-03,9.546223370117681739e+00
-1.073403603603603632e-03,9.533618756268131378e+00
-1.071632432432432624e-03,9.520905671897718747e+00
-1.069861261261261399e-03,9.508083301476389693e+00
-1.068090090090090174e-03,9.495150825520846993e+00
-1.066318918918918949e-03,9.482107420594605429e+00
-1.064547747747747724e-03,9.468952259307958030e+00
-1.062776576576576499e-03,9.455684510317995617e+00
-1.061005405405405491e-03,9.442303338328581930e+00
-1.059234234234234266e-03,9.428807904090383829e+00
-1.057463063063063258e-03,9.415197364400851754e+00
-1.055691891891892033e-03,9.401470872104214394e+00
-1.053920720720720808e-03,9.387627576091503556e+00
-1.052149549549549583e-03,9.373666621300532853e+00
-1.050378378378378358e-03,9.359587148764859421e+00
-1.048607207207207133e-03,9.345388305339939805e+00
-1.046836036036036125e-03,9.331069284750386217e+00
-1.045064864864864900e-03,9.316629346229140296e+00
-1.043293693693693892e-03,9.302067815006466844e+00
-1.041522522522522667e-03,9.287384082309925404e+00
-1.039751351351351442e-03,9.272577605364396902e+00
-1.037980180180180217e-03,9.257647907392074771e+00
-1.036209009009008992e-03,9.242594577612466722e+00
-1.034437837837837767e-03,9.227417271242387642e+00
-1.032666666666666759e-03,9.212115709495972027e+00
-1.030895495495495534e-03,9.196689679584659771e+00
-1.029124324324324526e-03,9.181139034717205050e+00
-1.027353153153153301e-03,9.165463694099678094e+00
-1.025581981981982076e-03,9.149663642935454533e+00
-1.023810810810810851e-03,9.133738932425236712e+00
-1.022039639639639626e-03,9.117689679767018163e+00
-1.020268468468468401e-03,9.101516068156128014e+00
-1.018497297297297393e-03,9.085218346785190136e+00
-1.016726126126126168e-03,9.068796830844144452e+00
-1.014954954954955160e-03,9.052251901520254052e+00
-1.013183783783783935e-03,9.035584005998085644e+00
-1.011412612612612710e-03,9.018793657459514890e+00
-1.009641441441441485e-03,9.001881435083737060e+00
-1.007870270270270260e-03,8.984847984047258151e+00
-1.006099099099099035e-03,8.967694015523896667e+00
-1.004327927927927810e-03,8.950420306684781835e+00
-1.002556756756756802e-03,8.933027700698360718e+00
-1.000785585585585577e-03,8.915517106730382224e+00
-9.990144144144145685e-04,8.897889499943920200e+00
-9.972432432432433436e-04,8.880145921499352113e+00
-9.954720720720721186e-04,8.862287478554369713e+00
-9.937009009009008936e-04,8.844315344263979028e+00
-9.919297297297296687e-04,8.826230757780502145e+00
-9.901585585585584437e-04,8.808035024253566547e+00
-9.883873873873874356e-04,8.789729514830119328e+00
-9.866162162162162106e-04,8.771315666654409426e+00
-9.848450450450452025e-04,8.752794982868014273e+00
-9.830738738738739775e-04,8.734169032609802485e+00
-9.813027027027027525e-04,8.715439451015974726e+00
-9.795315315315315276e-04,8.696607939220033501e+00
-9.777603603603603026e-04,8.677676264352804480e+00
-9.759891891891891861e-04,8.658646259542409851e+00
-9.742180180180180695e-04,8.639519823914298513e+00
-9.724468468468468445e-04,8.620298922591219437e+00
-9.706756756756757280e-04,8.600985586693250085e+00
-9.689045045045045030e-04,8.581581913337760881e+00
-9.671333333333333865e-04,8.562090065639456071e+00
-9.653621621621621615e-04,8.542512272710332866e+00
-9.635909909909910450e-04,8.522850829659711636e+00
-9.618198198198198200e-04,8.503108097594230586e+00
-9.600486486486487035e-04,8.483286503617822660e+00
-9.582774774774774785e-04,8.463388540831747520e+00
-9.565063063063063619e-04,8.443416768334577327e+00
-9.547351351351351370e-04,8.423373811222187868e+00
-9.529639639639640204e-04,8.403262360587774538e+00
-9.511927927927927955e-04,8.383085173521841682e+00
-9.494216216216216789e-04,8.362845073112211480e+00
-9.476504504504504539e-04,8.342544948444011510e+00
-9.458792792792793374e-04,8.322187754599687182e+00
-9.441081081081081124e-04,8.301776512658991081e+00
-9.423369369369369959e-04,8.281314309698998954e+00
-9.405657657657657709e-04,8.260804298794081291e+00
-9.387945945945946544e-04,8.240249699015942397e+00
-9.370234234234234294e-04,8.219653795433583099e+00
-9.352522522522523129e-04,8.199019939113322053e+00
-9.334810810810810879e-04,8.178351547118788645e+00
-9.317099099099099713e-04,8.157652102510930092e+00
-9.299387387387387464e-04,8.136925154348000788e+00
-9.281675675675676298e-04,8.116174317685569406e+00
-9.263963963963964049e-04,8.095403273576515346e+00
-9.246252252252252883e-04,8.074615769071039395e+00
-9.228540540540540633e-04,8.053815617216635303e+00
-9.210828828828829468e-04,8.033006697070312896e+00
-9.193117117117117218e-04,8.012193131957964454e+00
-9.175405405405406053e-04,7.991380766679285763e+00
-9.157693693693693803e-04,7.970578355205525156e+00
-9.139981981981982638e-04,7.949797640589311598e+00
-9.122270270270270388e-04,7.929053354964640477e+00
-9.104558558558559223e-04,7.908363219546883371e+00
-9.086846846846846973e-04,7.887747944632783614e+00
-9.069135135135135807e-04,7.867231229600459841e+00
-9.051423423423423558e-04,7.846839762909395333e+00
-9.033711711711712392e-04,7.826603222100460222e+00
-9.016000000000000143e-04,7.806554273795882182e+00
-8.998288288288288977e-04,7.786728573699272182e+00
-8.980576576576576727e-04,7.767164766595612058e+00
-8.962864864864865562e-04,7.747904486351248288e+00
-8.945153153153153312e-04,7.728992355913910650e+00
-8.927441441441442147e-04,7.710475987312697121e+00
-8.909729729729729897e-04,7.692405981658080982e+00
-8.892018018018018732e-04,7.674835929141902824e+00
-8.874306306306306482e-04,7.657822409037382094e+00
-8.856594594594595317e-04,7.641424989640920984e+00
-8.838882882882883067e-04,7.625705787057056817e+00
-8.821171171171171901e-04,7.610726004432327940e+00
-8.803459459459459652e-04,7.596543268219464018e+00
-8.785747747747748486e-04,7.583211459911844088e+00
-8.768036036036036237e-04,7.570780716043479686e+00
-8.750324324324325071e-04,7.559297428189043266e+00
-8.732612612612612821e-04,7.548804242963838895e+00
-8.714900900900901656e-04,7.539340062023822675e+00
-8.697189189189189406e-04,7.530940042065592088e+00
-8.679477477477478241e-04,7.523635594826396655e+00
-8.661765765765765991e-04,7.517454387084123724e+00
-8.644054054054054826e-04,7.512420340657309126e+00
-8.626342342342342576e-04,7.508553632405131850e+00
-8.608630630630631411e-04,7.505870694227421147e+00
-8.590918918918919161e-04,7.504384213064646758e+00
-8.573207207207207995e-04,7.504103130897919804e+00
-8.555495495495495746e-04,7.505032644749006110e+00
-8.537783783783784580e-04,7.507174206680310213e+00
-8.520072072072072331e-04,7.510525523794884251e+00
-8.502360360360361165e-04,7.515080558236423514e+00
-8.484648648648648915e-04,7.520829527189271779e+00
-8.466936936936937750e-04,7.527758902878414204e+00
-8.449225225225225500e-04,7.535851412569481766e+00
-8.431513513513514335e-04,7.545086038568751263e+00
-8.413801801801802085e-04,7.555438018223149754e+00
-8.396090090090090920e-04,7.566878843920237685e+00
-8.378378378378378670e-04,7.579376263088237309e+00
-8.360666666666667505e-04,7.592894278195992719e+00
-8.342954954954955255e-04,7.607393146753018698e+00
-8.325243243243244089e-04,7.622829381309458974e+00
-8.307531531531531840e-04,7.639155749456102207e+00
-8.289819819819820674e-04,7.656321273824392648e+00
-8.272108108108108425e-04,7.674271232086414152e+00
-8.254396396396397259e-04,7.692947265023304837e+00
-8.236684684684685009e-04,7.712289458764244543e+00
-8.218972972972973844e-04,7.732239428666850323e+00
-8.201261261261261594e-04,7.752740781478975940e+00
-8.183549549549550429e-04,7.773739115589644477e+00
-8.165837837837838179e-04,7.795182021029036790e+00
-8.148126126126127014e-04,7.817019079468480847e+00
-8.130414414414414764e-04,7.839201864220487259e+00
-8.112702702702703599e-04,7.861683940238701318e+00
-8.094990990990991349e-04,7.884420864117946515e+00
-8.077279279279280183e-04,7.907370184094197008e+00
-8.059567567567567934e-04,7.930491440044596274e+00
-8.041855855855856768e-04,7.953746163487436682e+00
-8.024144144144144519e-04,7.977097877582178143e+00
-8.006432432432433353e-04,8.000512097129433897e+00
-7.988720720720721103e-04,8.023956328570982066e+00
-7.971009009009009938e-04,8.047400069989759430e+00
-7.953297297297297688e-04,8.070814811109867648e+00
-7.935585585585586523e-04,8.094174033296553716e+00
-7.917873873873874273e-04,8.117453209556240168e+00
-7.900162162162163108e-04,8.140629804536503755e+00
-7.882450450450450858e-04,8.163683274526077227e+00
-7.864738738738739693e-04,8.186595067454859986e+00
-7.847027027027027443e-04,8.209348622893902103e+00
-7.829315315315316277e-04,8.231929372055425631e+00
-7.811603603603604028e-04,8.254324737792805067e+00
-7.793891891891891778e-04,8.276524134600576232e+00
-7.776180180180180613e-04,8.298518968614427394e+00
-7.758468468468468363e-04,8.320302637611224128e+00
-7.740756756756757197e-04,8.341870531008975576e+00
-7.723045045045044948e-04,8.363220029866857530e+00
-7.705333333333333782e-04,8.384350506885205334e+00
-7.687621621621621533e-04,8.405263326405513880e+00
-7.669909909909910367e-04,8.425961838024219830e+00
-7.652198198198198117e-04,8.446450942288773689e+00
-7.634486486486486952e-04,8.466735835658962372e+00
-7.616774774774774702e-04,8.486821614628532018e+00
-7.599063063063063537e-04,8.506713271088628403e+00
-7.581351351351351287e-04,8.526415692327789841e+00
-7.563639639639640122e-04,8.545933661031968498e+00
-7.545927927927927872e-04,8.565271855284519731e+00
-7.528216216216216707e-04,8.584434848566189658e+00
-7.510504504504504457e-04,8.603427109755138247e+00
-7.492792792792793291e-04,8.622253003126914450e+00
-7.475081081081081042e-04,8.640916788354481071e+00
-7.457369369369369876e-04,8.659422620508191670e+00
-7.439657657657657627e-04,8.677774550055817215e+00
-7.421945945945946461e-04,8.695976522862510549e+00
-7.404234234234234211e-04,8.714032380190840144e+00
-7.386522522522523046e-04,8.731945858700775887e+00
-7.368810810810810796e-04,8.749720590449680202e+00
-7.351099099099099631e-04,8.767360102892325813e+00
-7.333387387387387381e-04,8.784867818880886858e+00
-7.315675675675676216e-04,8.802247056664935343e+00
-7.297963963963963966e-04,8.819501029891451793e+00
-7.280252252252252801e-04,8.836632847604802166e+00
-7.262540540540540551e-04,8.853645514246775150e+00
-7.244828828828829385e-04,8.870541929656548419e+00
-7.227117117117117136e-04,8.887324889070704614e+00
-7.209405405405405970e-04,8.903997083123233125e+00
-7.191693693693693721e-04,8.920561097845514098e+00
-7.173981981981982555e-04,8.937019414666343309e+00
-7.156270270270270305e-04,8.953374410411900186e+00
-7.138558558558559140e-04,8.969628357305786892e+00
-7.120846846846846890e-04,8.985783422968994572e+00
-7.103135135135135725e-04,9.001841670419912234e+00
-7.085423423423423475e-04,9.017805058074346292e+00
-7.067711711711711225e-04,9.033675439745488589e+00
-7.050000000000001144e-04,9.049454564643944821e+00
-7.032288288288288895e-04,9.065144077377716769e+00
-7.014576576576576645e-04,9.080745517952212964e+00
-6.996864864864864395e-04,9.096260321770230917e+00
-6.979153153153154314e-04,9.111689819631983767e+00
-6.961441441441442064e-04,9.127035237735086071e+00
-6.943729729729729815e-04,9.142297697674539592e+00
-6.926018018018017565e-04,9.157478216442767049e+00
-6.908306306306307484e-04,9.172577706429580147e+00
-6.890594594594595234e-04,9.187596975422193779e+00
-6.872882882882882984e-04,9.202536726605233142e+00
-6.855171171171170735e-04,9.217397558560715964e+00
-6.837459459459460653e-04,9.232179965268063171e+00
-6.819747747747748404e-04,9.246884336104098878e+00
-6.802036036036036154e-04,9.261510955843055726e+00
-6.784324324324323904e-04,9.276060004656557112e+00
-6.766612612612613823e-04,9.290531558113633182e+00
-6.748900900900901573e-04,9.304925587180715496e+00
-6.731189189189189324e-04,9.319241958221637034e+00
-6.713477477477477074e-04,9.333480432997639298e+00
-6.695765765765766993e-04,9.347640668667350994e+00
-6.678054054054054743e-04,9.361722217786812905e+00
-6.660342342342342493e-04,9.375724528309474337e+00
-6.642630630630630244e-04,9.389646943586166472e+00
-6.624918918918920163e-04,9.403488702365143226e+00
-6.607207207207207913e-04,9.417248939432335320e+00
-6.589495495495495663e-04,9.430926717670859105e+00
-6.571783783783783413e-04,9.444521108853447089e+00
-6.554072072072073332e-04,9.458031215766981248e+00
-6.536360360360361083e-04,9.471456172388553085e+00
-6.518648648648648833e-04,9.484795143885445867e+00
-6.500936936936936583e-04,9.498047326615155939e+00
-6.483225225225226502e-04,9.511211948125374960e+00
-6.465513513513514252e-04,9.524288267154014775e+00
-6.447801801801802003e-04,9.537275573629170111e+00
-6.430090090090089753e-04,9.550173188669162982e+00
-6.412378378378379672e-04,9.562980464582492957e+00
-6.394666666666667422e-04,9.575696784867893996e+00
-6.376954954954955172e-04,9.588321564214279391e+00
-6.359243243243242923e-04,9.600854248500780841e+00
-6.341531531531532841e-04,9.613294314796725359e+00
-6.323819819819820592e-04,9.625641271361651263e+00
-6.306108108108108342e-04,9.637894657645302843e+00
-6.288396396396396092e-04,9.650054044287612598e+00
-6.270684684684686011e-04,9.662119033118742095e+00
-6.252972972972973761e-04,9.674089257159030453e+00
-6.235261261261261512e-04,9.685964380619045855e+00
-6.217549549549549262e-04,9.697744098899544696e+00
-6.199837837837839181e-04,9.709428138591480462e+00
-6.182126126126126931e-04,9.721016257476046363e+00
-6.164414414414414681e-04,9.732508244524597174e+00
-6.146702702702702432e-04,9.743903919898716737e+00
-6.128990990990992350e-04,9.755203134950185984e+00
-6.111279279279280101e-04,9.766405772220993597e+00
-6.093567567567567851e-04,9.777511745443325353e+00
-6.075855855855855601e-04,9.788520999539580103e+00
-6.058144144144145520e-04,9.799433510622357346e+00
-6.040432432432433271e-04,9.810249285994451895e+00
-6.022720720720721021e-04,9.820968364148878749e+00
-6.005009009009008771e-04,9.831590814768846442e+00
-5.987297297297298690e-04,9.842116738727773040e+00
-5.969585585585586440e-04,9.852546268089273696e+00
-5.951873873873874191e-04,9.862879566107178420e+00
-5.934162162162161941e-04,9.873116827225508985e+00
-5.916450450450451860e-04,9.883258277078502019e+00
-5.898738738738739610e-04,9.893304172490593018e+00
-5.881027027027027360e-04,9.903254801476425229e+00
-5.863315315315315111e-04,9.913110483240840765e+00
-5.845603603603605029e-04,9.922871568178889490e+00
-5.827891891891892780e-04,9.932538437875830795e+00
-5.810180180180180530e-04,9.942111505107110503e+00
-5.792468468468468280e-04,9.951591213838399952e+00
-5.774756756756758199e-04,9.960978039225564018e+00
-5.757045045045045949e-04,9.970272487614668222e+00
-5.739333333333333700e-04,9.979475096541996493e+00
-5.721621621621621450e-04,9.988586434734017416e+00
-5.703909909909911369e-04,9.997607102107416210e+00
-5.686198198198199119e-04,1.000653772976908584e+01
-5.668486486486486869e-04,1.001537898001611282e+01
-5.650774774774774620e-04,1.002413154633579673e+01
-5.633063063063064538e-04,1.003279615340563602e+01
-5.615351351351352289e-04,1.004137355709333335e+01
-5.597639639639640039e-04,1.004986454445679733e+01
-5.579927927927927789e-04,1.005826993374414435e+01
-5.562216216216217708e-04,1.006659057439368254e+01
-5.544504504504505459e-04,1.007482734676957747e+01
-5.526792792792793209e-04,1.008298115208498658e+01
-5.509081081081080959e-04,1.009105289021075436e+01
-5.491369369369368710e-04,1.009904345441719364e+01
-5.473657657657658628e-04,1.010695373134761255e+01
-5.455945945945946379e-04,1.011478460101832511e+01
-5.438234234234234129e-04,1.012253693681863176e+01
-5.420522522522521879e-04,1.013021160551084066e+01
-5.402810810810811798e-04,1.013780946723025167e+01
-5.385099099099099548e-04,1.014533137548516706e+01
-5.367387387387387299e-04,1.015277817715688258e+01
-5.349675675675675049e-04,1.016015071249969992e+01
-5.331963963963964968e-04,1.016744981514090362e+01
-5.314252252252252718e-04,1.017467631208079482e+01
-5.296540540540540468e-04,1.018183102369266102e+01
-5.278828828828828219e-04,1.018891476372278859e+01
-5.261117117117118137e-04,1.019592833929046627e+01
-5.243405405405405888e-04,1.020287255088797274e+01
-5.225693693693693638e-04,1.020974819238059617e+01
-5.207981981981981388e-04,1.021655605100661290e+01
-5.190270270270271307e-04,1.022329690737730523e+01
-5.172558558558559057e-04,1.022997153547694538e+01
-5.154846846846846808e-04,1.023658070266280973e+01
-5.137135135135134558e-04,1.024312516966516817e+01
-5.119423423423424477e-04,1.024960569058728943e+01
-5.101711711711712227e-04,1.025602301290544816e+01
-5.083999999999999977e-04,1.026237787746890362e+01
-5.066288288288287728e-04,1.026867101849992281e+01
-5.048576576576577647e-04,1.027490316359376266e+01
-5.030864864864865397e-04,1.028107503371869313e+01
-5.013153153153153147e-04,1.028718734321596529e+01
-4.995441441441440898e-04,1.029324079979983431e+01
-4.977729729729730816e-04,1.029923610455755423e+01
-4.960018018018018567e-04,1.030517395194938146e+01
-4.942306306306306317e-04,1.031105502980856414e+01
-4.924594594594594067e-04,1.031688001934134746e+01
-4.906882882882883986e-04,1.032264959512697367e+01
-4.889171171171171736e-04,1.032836442511770159e+01
-4.871459459459459487e-04,1.033402517063875692e+01
-4.853747747747747237e-04,1.033963248638838550e+01
-4.836036036036037156e-04,1.034518702043782845e+01
-4.818324324324324906e-04,1.035068941423131506e+01
-4.800612612612612656e-04,1.035614030258608409e+01
-4.782900900900900407e-04,1.036154031369236606e+01
-4.765189189189190325e-04,1.036689006911339028e+01
-4.747477477477478076e-04,1.037219018378538316e+01
-4.729765765765765826e-04,1.037744126601757344e+01
-4.712054054054053576e-04,1.038264391749217808e+01
-4.694342342342343495e-04,1.038779873326442704e+01
-4.676630630630631245e-04,1.039290630176253671e+01
-4.658918918918918996e-04,1.039796720478772407e+01
-4.641207207207206746e-04,1.040298201751420493e+01
-4.623495495495496665e-04,1.040795130848919214e+01
-4.605783783783784415e-04,1.041287563963289919e+01
-4.588072072072072165e-04,1.041775556623853305e+01
-4.570360360360359916e-04,1.042259163697230662e+01
-4.552648648648649835e-04,1.042738439387341742e+01
-4.534936936936937585e-04,1.043213437235407426e+01
-4.517225225225225335e-04,1.043684210119947942e+01
-4.499513513513513085e-04,1.044150810256782691e+01
-4.481801801801803004e-04,1.044613289199032202e+01
-4.464090090090090755e-04,1.045071697837115465e+01
-4.446378378378378505e-04,1.045526086398751886e+01
-4.428666666666666255e-04,1.045976504448960931e+01
-4.410954954954956174e-04,1.046423000890061239e+01
-4.393243243243243924e-04,1.046865623961671155e+01
-4.375531531531531675e-04,1.047304421240710148e+01
-4.357819819819819425e-04,1.047739439641396153e+01
-4.340108108108109344e-04,1.048170725415246807e+01
-4.322396396396397094e-04,1.048598324151081052e+01
-4.304684684684684844e-04,1.049022280775015581e+01
-4.286972972972972595e-04,1.049442639550468215e+01
-4.269261261261262513e-04,1.049859444078156834e+01
-4.251549549549550264e-04,1.050272737296098136e+01
-4.233837837837838014e-04,1.050682561479609056e+01
-4.216126126126125764e-04,1.051088958241306237e+01
-4.198414414414415683e-04,1.051491968531106380e+01
-4.180702702702703433e-04,1.051891632636226070e+01
-4.162990990990991184e-04,1.052287990181180888e+01
-4.145279279279278934e-04,1.052681080127786650e+01
-4.127567567567568853e-04,1.053070940775159947e+01
-4.109855855855856603e-04,1.053457609759715297e+01
-4.092144144144144353e-04,1.053841124055168699e+01
-4.074432432432432104e-04,1.054221519972534615e+01
-4.056720720720722023e-04,1.054598833160128635e+01
-4.039009009009009773e-04,1.054973098603565518e+01
-4.021297297297297523e-04,1.055344350625759375e+01
-4.003585585585585273e-04,1.055712622886924201e+01
-3.985873873873875192e-04,1.056077948384575116e+01
-3.968162162162162943e-04,1.056440359453524636e+01
-3.950450450450450693e-04,1.056799887765887824e+01
-3.932738738738738443e-04,1.057156564331077497e+01
-3.915027027027028362e-04,1.057510419495807064e+01
-3.897315315315316112e-04,1.057861482944089637e+01
-3.879603603603603863e-04,1.058209783697237860e+01
-3.861891891891891613e-04,1.058555350113864613e+01
-3.844180180180181532e-04,1.058898209889882658e+01
-3.826468468468469282e-04,1.059238390058503931e+01
-3.808756756756757032e-04,1.059575916990240962e+01
-3.791045045045044783e-04,1.059910816392905097e+01
-3.773333333333334701e-04,1.060243113311608276e+01
-3.755621621621622452e-04,1.060572832128761966e+01
-3.737909909909910202e-04,1.060899996564077696e+01
-3.720198198198197952e-04,1.061224629674565989e+01
-3.702486486486487871e-04,1.061546753854537961e+01
-3.684774774774775621e-04,1.061866390835604790e+01
-3.667063063063063372e-04,1.062183561686676292e+01
-3.649351351351351122e-04,1.062498286813962878e+01
-3.631639639639641041e-04,1.062810585960975018e+01
-3.613927927927928791e-04,1.063120478208522002e+01
-3.596216216216216541e-04,1.063427981974714243e+01
-3.578504504504504292e-04,1.063733115014960440e+01
-3.560792792792794210e-04,1.064035894421970241e+01
-3.543081081081081961e-04,1.064336336625752644e+01
-3.525369369369369711e-04,1.064634457393616884e+01
-3.507657657657657461e-04,1.064930271830171193e+01
-3.489945945945947380e-04,1.065223794377324040e+01
-3.472234234234235131e-04,1.065515038814283422e+01
-3.454522522522522881e-04,1.065804018257558461e+01
-3.436810810810810631e-04,1.066090745160956388e+01
-3.419099099099100550e-04,1.066375231324275497e+01
-3.401387387387388300e-04,1.066657488099824214e+01
-3.383675675675676051e-04,1.066937526741214981e+01
-3.365963963963963801e-04,1.067215358464527242e+01
-3.348252252252253720e-04,1.067490994448393415e+01
-3.330540540540541470e-04,1.067764445833999964e+01
-3.312828828828829220e-04,1.068035723725084729e+01
-3.295117117117116971e-04,1.068304839187940480e+01
-3.277405405405404721e-04,1.068571803251412078e+01
-3.259693693693694640e-04,1.068836626906897891e+01
-3.241981981981982390e-04,1.069099321108349088e+01
-3.224270270270270140e-04,1.069359896772270169e+01
-3.206558558558557891e-04,1.069618364777718433e+01
-3.188846846846847809e-04,1.069874735966304513e+01
-3.171135135135135560e-04,1.070129021142192371e+01
-3.153423423423423310e-04,1.070381231072099304e+01
-3.135711711711711060e-04,1.070631376485294517e+01
-3.118000000000000979e-04,1.070879468073601437e+01
-3.100288288288288729e-04,1.071125516491395935e+01
-3.082576576576576480e-04,1.071369532355607745e+01
-3.064864864864864230e-04,1.071611526245719048e+01
-3.047153153153154149e-04,1.071851508703765710e+01
-3.029441441441441899e-04,1.072089490234336218e+01
-3.011729729729729649e-04,1.072325481304572214e+01
-2.994018018018017400e-04,1.072559492344168319e+01
-2.976306306306307319e-04,1.072791533745373016e+01
-2.958594594594595069e-04,1.073021615862987055e+01
-2.940882882882882819e-04,1.073249749014364873e+01
-2.923171171171170570e-04,1.073475943479413530e+01
-2.905459459459460488e-04,1.073700209500593594e+01
-2.887747747747748239e-04,1.073922557282918611e+01
-2.870036036036035989e-04,1.074142996993954746e+01
-2.852324324324323739e-04,1.074361538763822388e+01
-2.834612612612613658e-04,1.074578192685194367e+01
-2.816900900900901408e-04,1.074792968813296135e+01
-2.799189189189189159e-04,1.075005877165907542e+01
-2.781477477477476909e-04,1.075216927723359817e+01
-2.763765765765766828e-04,1.075426130428538762e+01
-2.746054054054054578e-04,1.075633495186882982e+01
-2.728342342342342328e-04,1.075839031866383699e+01
-2.710630630630630079e-04,1.076042750297585648e+01
-2.692918918918919997e-04,1.076244660273586717e+01
-2.675207207207207748e-04,1.076444771550037238e+01
-2.657495495495495498e-04,1.076643093845141763e+01
-2.639783783783783248e-04,1.076839636839657111e+01
-2.622072072072073167e-04,1.077034410176893608e+01
-2.604360360360360917e-04,1.077227423462714384e+01
-2.586648648648648668e-04,1.077418686265535896e+01
-2.568936936936936418e-04,1.077608208116327759e+01
-2.551225225225226337e-04,1.077795998508612385e+01
-2.533513513513514087e-04,1.077982066898465696e+01
-2.515801801801801837e-04,1.078166422704516414e+01
-2.498090090090089588e-04,1.078349075307946414e+01
-2.480378378378379507e-04,1.078530034052491438e+01
-2.462666666666667257e-04,1.078709308244438603e+01
-2.444954954954955007e-04,1.078886907152630137e+01
-2.427243243243242758e-04,1.079062840008459823e+01
-2.409531531531532676e-04,1.079237116005875485e+01
-2.391819819819820427e-04,1.079409744301377572e+01
-2.374108108108108177e-04,1.079580734014019683e+01
-2.356396396396395927e-04,1.079750094225409285e+01
-2.338684684684685846e-04,1.079917833979706110e+01
-2.320972972972973596e-04,1.080083962283622867e+01
-2.303261261261261347e-04,1.080248488106425597e+01
-2.285549549549549097e-04,1.080411420379934029e+01
-2.267837837837839016e-04,1.080572767998520689e+01
-2.250126126126126766e-04,1.080732539819110372e+01
-2.232414414414414516e-04,1.080890744661182445e+01
-2.214702702702702267e-04,1.081047391306768368e+01
-2.196990990990992185e-04,1.081202488500453107e+01
-2.179279279279279936e-04,1.081356044949374073e+01
-2.161567567567567686e-04,1.081508069323222898e+01
-2.143855855855855436e-04,1.081658570254244189e+01
-2.126144144144145355e-04,1.081807556337233756e+01
-2.108432432432433105e-04,1.081955036129543224e+01
-2.090720720720720856e-04,1.082101018151075422e+01
-2.073009009009008606e-04,1.082245510884287576e+01
-2.055297297297298525e-04,1.082388522774188822e+01
-2.037585585585586275e-04,1.082530062228342516e+01
-2.019873873873874025e-04,1.082670137616864281e+01
-2.002162162162161776e-04,1.082808757272423605e+01
-1.984450450450451695e-04,1.082945929490241888e+01
-1.966738738738739445e-04,1.083081662528094924e+01
-1.949027027027027195e-04,1.083215964606310777e+01
-1.931315315315314945e-04,1.083348843907771375e+01
-1.913603603603604864e-04,1.083480308577911089e+01
-1.895891891891892615e-04,1.083610366724717800e+01
-1.878180180180180365e-04,1.083739026418732010e+01
-1.860468468468468115e-04,1.083866295693048087e+01
-1.842756756756758034e-04,1.083992182543312666e+01
-1.825045045045045784e-04,1.084116694927726243e+01
-1.807333333333333535e-04,1.084239840767041763e+01
-1.789621621621621285e-04,1.084361627944565853e+01
-1.771909909909911204e-04,1.084482064306157945e+01
-1.754198198198198954e-04,1.084601157660230974e+01
-1.736486486486486704e-04,1.084718915777749970e+01
-1.718774774774774455e-04,1.084835346392234534e+01
-1.701063063063064373e-04,1.084950457199755469e+01
-1.683351351351352124e-04,1.085064255858939042e+01
-1.665639639639639874e-04,1.085176749990962897e+01
-1.647927927927927624e-04,1.085287947179558188e+01
-1.630216216216217543e-04,1.085397854971009579e+01
-1.612504504504505293e-04,1.085506480874154178e+01
-1.594792792792793044e-04,1.085613832360382602e+01
-1.577081081081080794e-04,1.085719916863639156e+01
-1.559369369369370713e-04,1.085824741780420410e+01
-1.541657657657658463e-04,1.085928314469776090e+01
-1.523945945945946213e-04,1.086030642253308898e+01
-1.506234234234233964e-04,1.086131732415175755e+01
-1.488522522522523883e-04,1.086231592202085672e+01
-1.470810810810811633e-04,1.086330228823300814e+01
-1.453099099099099383e-04,1.086427649450636679e+01
-1.435387387387387133e-04,1.086523861218462272e+01
-1.417675675675677052e-04,1.086618871223698513e+01
-1.399963963963964803e-04,1.086712686525821248e+01
-1.382252252252252553e-04,1.086805314146857526e+01
-1.364540540540540303e-04,1.086896761071388795e+01
-1.346828828828830222e-04,1.086987034246548944e+01
-1.329117117117117972e-04,1.087076140582025552e+01
-1.311405405405405723e-04,1.087164086950059172e+01
-1.293693693693693473e-04,1.087250880185442448e+01
-1.275981981981983392e-04,1.087336527085522775e+01
-1.258270270270271142e-04,1.087421034410199283e+01
-1.240558558558558892e-04,1.087504408881925499e+01
-1.222846846846846643e-04,1.087586657185706684e+01
-1.205135135135136561e-04,1.087667785969102141e+01
-1.187423423423424312e-04,1.087747801842223971e+01
-1.169711711711712062e-04,1.087826711377737254e+01
-1.151999999999999812e-04,1.087904521110860756e+01
-1.134288288288289731e-04,1.087981237539365864e+01
-1.116576576576577481e-04,1.088056867123576765e+01
-1.098864864864865232e-04,1.088131416286371511e+01
-1.081153153153152982e-04,1.088204891413180775e+01
-1.063441441441442901e-04,1.088277298851988739e+01
-1.045729729729730651e-04,1.088348644913332031e+01
-1.028018018018018401e-04,1.088418935870300963e+01
-1.010306306306306152e-04,1.088488177958539360e+01
-9.925945945945939021e-05,1.088556377376242246e+01
-9.748828828828838208e-05,1.088623540284160462e+01
-9.571711711711715712e-05,1.088689672805595343e+01
-9.394594594594593215e-05,1.088754781026403862e+01
-9.217477477477470718e-05,1.088818870994994015e+01
-9.040360360360369905e-05,1.088881948722327841e+01
-8.863243243243247409e-05,1.088944020181920180e+01
-8.686126126126124912e-05,1.089005091309839912e+01
-8.509009009009002415e-05,1.089065168004708006e+01
-8.331891891891901603e-05,1.089124256127698054e+01
-8.154774774774779106e-05,1.089182361502538043e+01
-7.977657657657656609e-05,1.089239489915508763e+01
-7.800540540540534112e-05,1.089295647115443799e+01
-7.623423423423433300e-05,1.089350838813729538e+01
-7.446306306306310803e-05,1.089405070684306764e+01
-7.269189189189188306e-05,1.089458348363667639e+01
-7.092072072072065810e-05,1.089510677450858722e+01
-6.914954954954964997e-05,1.089562063507479017e+01
-6.737837837837842500e-05,1.089612512057680860e+01
-6.560720720720720003e-05,1.089662028588170273e+01
-6.383603603603597507e-05,1.089710618548205368e+01
-6.206486486486496694e-05,1.089758287349597587e+01
-6.029369369369374197e-05,1.089805040366712063e+01
-5.852252252252251701e-05,1.089850882936466903e+01
-5.675135135135129204e-05,1.089895820358332834e+01
-5.498018018018028391e-05,1.089939857894333919e+01
-5.320900900900905894e-05,1.089983000769047550e+01
-5.143783783783783398e-05,1.090025254169604096e+01
-4.966666666666660901e-05,1.090066623245686550e+01
-4.789549549549560088e-05,1.090107113109532477e+01
-4.612432432432437591e-05,1.090146728835930645e+01
-4.435315315315315095e-05,1.090185475462224218e+01
-4.258198198198192598e-05,1.090223357988308805e+01
-4.081081081081091785e-05,1.090260381376633703e+01
-3.903963963963969289e-05,1.090296550552201360e+01
-3.726846846846846792e-05,1.090331870402566139e+01
-3.549729729729724295e-05,1.090366345777837331e+01
-3.372612612612623482e-05,1.090399981490675962e+01
-3.195495495495500986e-05,1.090432782316295857e+01
-3.018378378378378489e-05,1.090464752992465947e+01
-2.841261261261255992e-05,1.090495898219506543e+01
-2.664144144144155180e-05,1.090526222660291467e+01
-2.487027027027032683e-05,1.090555730940247336e+01
-2.309909909909910186e-05,1.090584427647355170e+01
-2.132792792792787689e-05,1.090612317332147185e+01
-1.955675675675686877e-05,1.090639404507710530e+01
-1.778558558558564380e-05,1.090665693649684620e+01
-1.601441441441441883e-05,1.090691189196261313e+01
-1.424324324324319387e-05,1.090715895548186509e+01
-1.247207207207218574e-05,1.090739817068759798e+01
-1.070090090090096077e-05,1.090762958083832146e+01
-8.929729729729735804e-06,1.090785322881808916e+01
-7.158558558558510837e-06,1.090806915713648451e+01
-5.387387387387502710e-06,1.090827740792861356e+01
-3.616216216216277743e-06,1.090847802295512459e+01
-1.845045045045052776e-06,1.090867104360219031e+01
-7.387387387382780835e-08,1.090885651088151320e+01
1.697297297297180318e-06,1.090903446543033795e+01
3.468468468468405286e-06,1.090920494751143011e+01
5.239639639639630253e-06,1.090936799701307791e+01
7.010810810810855220e-06,1.090952365344912778e+01
8.781981981981863347e-06,1.090967195595892747e+01
1.055315315315308831e-05,1.090981294330737406e+01
1.232432432432431328e-05,1.090994665388489437e+01
1.409549549549553825e-05,1.091007312570743792e+01
1.586666666666654638e-05,1.091019239641649108e+01
1.763783783783777134e-05,1.091030450327907175e+01
1.940900900900899631e-05,1.091040948318772941e+01
2.118018018018022128e-05,1.091050737266053794e+01
2.295135135135122940e-05,1.091059820784110812e+01
2.472252252252245437e-05,1.091068202449858759e+01
2.649369369369367934e-05,1.091075885802764134e+01
2.826486486486490431e-05,1.091082874344847653e+01
3.003603603603591243e-05,1.091089171540682301e+01
3.180720720720713740e-05,1.091094780817395105e+01
3.357837837837836237e-05,1.091099705564665712e+01
3.534954954954958734e-05,1.091103949134726392e+01
3.712072072072059546e-05,1.091107514842363635e+01
3.889189189189182043e-05,1.091110405964915842e+01
4.066306306306304540e-05,1.091112625742275632e+01
4.243423423423427036e-05,1.091114177376888073e+01
4.420540540540527849e-05,1.091115064033751025e+01
4.597657657657650346e-05,1.091115288840416753e+01
4.774774774774772843e-05,1.091114854886989427e+01
4.951891891891895339e-05,1.091113765226126198e+01
5.129009009008996152e-05,1.091112022873038434e+01
5.306126126126118649e-05,1.091109630805490127e+01
5.483243243243241145e-05,1.091106591963797712e+01
5.660360360360363642e-05,1.091102909250831487e+01
5.837477477477464455e-05,1.091098585532014908e+01
6.014594594594586952e-05,1.091093623635323873e+01
6.191711711711709448e-05,1.091088026351288143e+01
6.368828828828831945e-05,1.091081796432990103e+01
6.545945945945932758e-05,1.091074936596065470e+01
6.723063063063055254e-05,1.091067449518703114e+01
6.900180180180177751e-05,1.091059337841644528e+01
7.077297297297300248e-05,1.091050604168185245e+01
7.254414414414401061e-05,1.091041251064172712e+01
7.431531531531523557e-05,1.091031281058008595e+01
7.608648648648646054e-05,1.091020696640647358e+01
7.785765765765768551e-05,1.091009500265595555e+01
7.962882882882869363e-05,1.090997694348914493e+01
8.139999999999999992e-05,1.090985281269218277e+01
